SPEAKER         id       #SENT      #WORD       Corr        Sub        Ins        Del        Err      S.Err
CVA_V1_01       raw         73        728        492        137          0         99        236         37
CVA_V1_01       sys         73        728      67.58      18.82       0.00      13.60      32.42      50.68
CVA_V1_02       raw         28        277         54        200         20         23        243         27
CVA_V1_02       sys         28        277      19.49      72.20       7.22       8.30      87.73      96.43
CVA_V1_05       raw         74        740        674         64         23          2         89         34
CVA_V1_05       sys         74        740      91.08       8.65       3.11       0.27      12.03      45.95
CVA_V1_06       raw         74        755        669         63          5         23         91         24
CVA_V1_06       sys         74        755      88.61       8.34       0.66       3.05      12.05      32.43
CVA_V2_07       raw         54        536        244        254          8         38        300         48
CVA_V2_07       sys         54        536      45.52      47.39       1.49       7.09      55.97      88.89
ChangM          raw         73        736        676         56          4          4         64         22
ChangM          sys         73        736      91.85       7.61       0.54       0.54       8.70      30.14
ChouCJ          raw        500       1666        475       1113        181         78       1372        411
ChouCJ          sys        500       1666      28.51      66.81      10.86       4.68      82.35      82.20
FangBZ          raw        793       2661       1714        707          8        240        955        326
FangBZ          sys        793       2661      64.41      26.57       0.30       9.02      35.89      41.11
Ho              raw        148       1479       1062        360         14         57        431         89
Ho              sys        148       1479      71.81      24.34       0.95       3.85      29.14      60.14
HsuSZ           raw        607       2006       1378        588         60         40        688        232
HsuSZ           sys        607       2006      68.69      29.31       2.99       1.99      34.30      38.22
Wang            raw         76        759         25        138          0        596        734         76
Wang            sys         76        759       3.29      18.18       0.00      78.52      96.71     100.00
SUM             raw       2500      12343       7463       3680        323       1200       5203       1326
SUM             sys       2500      12343      60.46      29.81       2.62       9.72      42.15      53.04
