SPEAKER         id       #SENT      #WORD       Corr        Sub        Ins        Del        Err      S.Err
CVA_V1_01       raw         73        441        273        106          0         62        168         42
CVA_V1_01       sys         73        441      61.90      24.04       0.00      14.06      38.10      57.53
CVA_V1_02       raw         28        164         35        118         23         11        152         27
CVA_V1_02       sys         28        164      21.34      71.95      14.02       6.71      92.68      96.43
CVA_V1_05       raw         74        441        384         55         24          2         81         37
CVA_V1_05       sys         74        441      87.07      12.47       5.44       0.45      18.37      50.00
CVA_V1_06       raw         74        463        373         62          5         28         95         33
CVA_V1_06       sys         74        463      80.56      13.39       1.08       6.05      20.52      44.59
CVA_V2_07       raw         54        315        116        157          5         42        204         49
CVA_V2_07       sys         54        315      36.83      49.84       1.59      13.33      64.76      90.74
ChangM          raw         73        444        367         71         24          6        101         36
ChangM          sys         73        444      82.66      15.99       5.41       1.35      22.75      49.32
ChouCJ          raw        500       1024        268        669        180         87        936        411
ChouCJ          sys        500       1024      26.17      65.33      17.58       8.50      91.41      82.20
FangBZ          raw        793       1618       1026        425         37        167        629        326
FangBZ          sys        793       1618      63.41      26.27       2.29      10.32      38.88      41.11
Ho              raw        148        899        564        286         25         49        360        110
Ho              sys        148        899      62.74      31.81       2.78       5.45      40.04      74.32
HsuSZ           raw        607       1210        801        356         66         53        475        234
HsuSZ           sys        607       1210      66.20      29.42       5.45       4.38      39.26      38.55
Wang            raw         76        510         13         96          0        401        497         76
Wang            sys         76        510       2.55      18.82       0.00      78.63      97.45     100.00
SUM             raw       2500       7529       4220       2401        389        908       3698       1381
SUM             sys       2500       7529      56.05      31.89       5.17      12.06      49.12      55.24
