SPEAKER         id       #SENT      #WORD       Corr        Sub        Ins        Del        Err      S.Err
CVA_V1_01       raw         73        728        707         20          0          1         21          7
CVA_V1_01       sys         73        728      97.12       2.75       0.00       0.14       2.88       9.59
CVA_V1_02       raw         28        277        264          6          2          7         15          6
CVA_V1_02       sys         28        277      95.31       2.17       0.72       2.53       5.42      21.43
CVA_V1_05       raw         74        740        734          6          6          0         12          4
CVA_V1_05       sys         74        740      99.19       0.81       0.81       0.00       1.62       5.41
CVA_V1_06       raw         74        755        747          6          7          2         15         11
CVA_V1_06       sys         74        755      98.94       0.79       0.93       0.26       1.99      14.86
CVA_V2_07       raw         54        536        531          5          1          0          6          5
CVA_V2_07       sys         54        536      99.07       0.93       0.19       0.00       1.12       9.26
ChangM          raw         73        736        724          9         10          3         22         14
ChangM          sys         73        736      98.37       1.22       1.36       0.41       2.99      19.18
ChouCJ          raw        500       1666       1637         29         21          0         50         24
ChouCJ          sys        500       1666      98.26       1.74       1.26       0.00       3.00       4.80
FangBZ          raw        793       2661       2626         32          0          3         35         31
FangBZ          sys        793       2661      98.68       1.20       0.00       0.11       1.32       3.91
Ho              raw        148       1479       1453         23          2          3         28         20
Ho              sys        148       1479      98.24       1.56       0.14       0.20       1.89      13.51
HsuSZ           raw        607       2006       1982         22         10          2         34         12
HsuSZ           sys        607       2006      98.80       1.10       0.50       0.10       1.69       1.98
Wang            raw         76        759        720         20          0         19         39         16
Wang            sys         76        759      94.86       2.64       0.00       2.50       5.14      21.05
SUM             raw       2500      12343      12125        178         59         40        277        150
SUM             sys       2500      12343      98.23       1.44       0.48       0.32       2.24       6.00
