SPEAKER         id       #SENT      #WORD       Corr        Sub        Ins        Del        Err      S.Err
CVA_V1_01       raw         73        728        714         13          0          1         14          5
CVA_V1_01       sys         73        728      98.08       1.79       0.00       0.14       1.92       6.85
CVA_V1_02       raw         28        277        267          5          0          5         10          5
CVA_V1_02       sys         28        277      96.39       1.81       0.00       1.81       3.61      17.86
CVA_V1_05       raw         74        740        736          4          0          0          4          3
CVA_V1_05       sys         74        740      99.46       0.54       0.00       0.00       0.54       4.05
CVA_V1_06       raw         74        755        749          5          4          1         10          8
CVA_V1_06       sys         74        755      99.21       0.66       0.53       0.13       1.32      10.81
CVA_V2_07       raw         54        536        531          5          1          0          6          5
CVA_V2_07       sys         54        536      99.07       0.93       0.19       0.00       1.12       9.26
ChangM          raw         73        736        728          7          0          1          8          7
ChangM          sys         73        736      98.91       0.95       0.00       0.14       1.09       9.59
ChouCJ          raw        500       1666       1659          6          3          1         10          7
ChouCJ          sys        500       1666      99.58       0.36       0.18       0.06       0.60       1.40
FangBZ          raw        793       2661       2631         27          0          3         30         28
FangBZ          sys        793       2661      98.87       1.01       0.00       0.11       1.13       3.53
Ho              raw        148       1479       1467         12          0          0         12         12
Ho              sys        148       1479      99.19       0.81       0.00       0.00       0.81       8.11
HsuSZ           raw        607       2006       1992         13          3          1         17          6
HsuSZ           sys        607       2006      99.30       0.65       0.15       0.05       0.85       0.99
Wang            raw         76        759        750          6          0          3          9          9
Wang            sys         76        759      98.81       0.79       0.00       0.40       1.19      11.84
SUM             raw       2500      12343      12224        103         11         16        130         95
SUM             sys       2500      12343      99.04       0.83       0.09       0.13       1.05       3.80
