SPEAKER         id       #SENT      #WORD       Corr        Sub        Ins        Del        Err      S.Err
CVA_V1_01       raw         73        728        702         20          0          6         26          9
CVA_V1_01       sys         73        728      96.43       2.75       0.00       0.82       3.57      12.33
CVA_V1_02       raw         28        277        114         65          5         98        168         26
CVA_V1_02       sys         28        277      41.16      23.47       1.81      35.38      60.65      92.86
CVA_V1_05       raw         74        740        725         14         11          1         26         15
CVA_V1_05       sys         74        740      97.97       1.89       1.49       0.14       3.51      20.27
CVA_V1_06       raw         74        755        740         13          6          2         21         11
CVA_V1_06       sys         74        755      98.01       1.72       0.79       0.26       2.78      14.86
CVA_V2_07       raw         54        536        495         39         13          2         54         20
CVA_V2_07       sys         54        536      92.35       7.28       2.43       0.37      10.07      37.04
ChangM          raw         73        736        694         35          4          7         46         22
ChangM          sys         73        736      94.29       4.76       0.54       0.95       6.25      30.14
ChouCJ          raw        500       1666       1340        316         81         10        407        167
ChouCJ          sys        500       1666      80.43      18.97       4.86       0.60      24.43      33.40
FangBZ          raw        793       2661       2584         64          4         13         81         52
FangBZ          sys        793       2661      97.11       2.41       0.15       0.49       3.04       6.56
Ho              raw        148       1479       1392         79         19          8        106         42
Ho              sys        148       1479      94.12       5.34       1.28       0.54       7.17      28.38
HsuSZ           raw        607       2006       1947         58         24          1         83         38
HsuSZ           sys        607       2006      97.06       2.89       1.20       0.05       4.14       6.26
Wang            raw         76        759         25         43          0        691        734         76
Wang            sys         76        759       3.29       5.67       0.00      91.04      96.71     100.00
SUM             raw       2500      12343      10758        746        167        839       1752        478
SUM             sys       2500      12343      87.16       6.04       1.35       6.80      14.19      19.12
