SPEAKER         id       #SENT      #WORD       Corr        Sub        Ins        Del        Err      S.Err
CVA_V1_01       raw         73        728        714         13          0          1         14          5
CVA_V1_01       sys         73        728      98.08       1.79       0.00       0.14       1.92       6.85
CVA_V1_02       raw         28        277        272          2          7          3         12          7
CVA_V1_02       sys         28        277      98.19       0.72       2.53       1.08       4.33      25.00
CVA_V1_05       raw         74        740        736          4          0          0          4          3
CVA_V1_05       sys         74        740      99.46       0.54       0.00       0.00       0.54       4.05
CVA_V1_06       raw         74        755        748          6          4          1         11          9
CVA_V1_06       sys         74        755      99.07       0.79       0.53       0.13       1.46      12.16
CVA_V2_07       raw         54        536        531          5          1          0          6          5
CVA_V2_07       sys         54        536      99.07       0.93       0.19       0.00       1.12       9.26
ChangM          raw         73        736        725          7         11          4         22         15
ChangM          sys         73        736      98.51       0.95       1.49       0.54       2.99      20.55
ChouCJ          raw        500       1666       1659          7         10          0         17          9
ChouCJ          sys        500       1666      99.58       0.42       0.60       0.00       1.02       1.80
FangBZ          raw        793       2661       2638         23          0          0         23         23
FangBZ          sys        793       2661      99.14       0.86       0.00       0.00       0.86       2.90
Ho              raw        148       1479       1462         16          2          1         19         17
Ho              sys        148       1479      98.85       1.08       0.14       0.07       1.28      11.49
HsuSZ           raw        607       2006       1989         15          3          2         20          7
HsuSZ           sys        607       2006      99.15       0.75       0.15       0.10       1.00       1.15
Wang            raw         76        759        746          9          0          4         13          9
Wang            sys         76        759      98.29       1.19       0.00       0.53       1.71      11.84
SUM             raw       2500      12343      12220        107         38         16        161        109
SUM             sys       2500      12343      99.00       0.87       0.31       0.13       1.30       4.36
