SPEAKER         id       #SENT      #WORD       Corr        Sub        Ins        Del        Err      S.Err
CVA_V1_01       raw         73        441        409         25          2          7         34         13
CVA_V1_01       sys         73        441      92.74       5.67       0.45       1.59       7.71      17.81
CVA_V1_02       raw         28        164        153          8          5          3         16          7
CVA_V1_02       sys         28        164      93.29       4.88       3.05       1.83       9.76      25.00
CVA_V1_05       raw         74        441        436          5          5          0         10          4
CVA_V1_05       sys         74        441      98.87       1.13       1.13       0.00       2.27       5.41
CVA_V1_06       raw         74        463        446         11          5          6         22         15
CVA_V1_06       sys         74        463      96.33       2.38       1.08       1.30       4.75      20.27
CVA_V2_07       raw         54        315        308          6          1          1          8          6
CVA_V2_07       sys         54        315      97.78       1.90       0.32       0.32       2.54      11.11
ChangM          raw         73        444        428         14          9          2         25         17
ChangM          sys         73        444      96.40       3.15       2.03       0.45       5.63      23.29
ChouCJ          raw        500       1024       1001         20         19          3         42         25
ChouCJ          sys        500       1024      97.75       1.95       1.86       0.29       4.10       5.00
FangBZ          raw        793       1618       1582         31          2          5         38         33
FangBZ          sys        793       1618      97.78       1.92       0.12       0.31       2.35       4.16
Ho              raw        148        899        865         29          6          5         40         25
Ho              sys        148        899      96.22       3.23       0.67       0.56       4.45      16.89
HsuSZ           raw        607       1210       1194         16          8          0         24         12
HsuSZ           sys        607       1210      98.68       1.32       0.66       0.00       1.98       1.98
Wang            raw         76        510        418         60          6         32         98         38
Wang            sys         76        510      81.96      11.76       1.18       6.27      19.22      50.00
SUM             raw       2500       7529       7240        225         68         64        357        195
SUM             sys       2500       7529      96.16       2.99       0.90       0.85       4.74       7.80
