SPEAKER         id       #SENT      #WORD       Corr        Sub        Ins        Del        Err      S.Err
CVA_V1_01       raw         73        441        400         28          2         13         43         16
CVA_V1_01       sys         73        441      90.70       6.35       0.45       2.95       9.75      21.92
CVA_V1_02       raw         28        164         65         53         10         46        109         26
CVA_V1_02       sys         28        164      39.63      32.32       6.10      28.05      66.46      92.86
CVA_V1_05       raw         74        441        421         19         13          1         33         16
CVA_V1_05       sys         74        441      95.46       4.31       2.95       0.23       7.48      21.62
CVA_V1_06       raw         74        463        429         24          7         10         41         20
CVA_V1_06       sys         74        463      92.66       5.18       1.51       2.16       8.86      27.03
CVA_V2_07       raw         54        315        282         32         16          1         49         22
CVA_V2_07       sys         54        315      89.52      10.16       5.08       0.32      15.56      40.74
ChangM          raw         73        444        401         40         22          3         65         29
ChangM          sys         73        444      90.32       9.01       4.95       0.68      14.64      39.73
ChouCJ          raw        500       1024        801        209        108         14        331        168
ChouCJ          sys        500       1024      78.22      20.41      10.55       1.37      32.32      33.60
FangBZ          raw        793       1618       1554         56          9          8         73         52
FangBZ          sys        793       1618      96.04       3.46       0.56       0.49       4.51       6.56
Ho              raw        148        899        810         82         34          7        123         56
Ho              sys        148        899      90.10       9.12       3.78       0.78      13.68      37.84
HsuSZ           raw        607       1210       1163         45         28          2         75         39
HsuSZ           sys        607       1210      96.12       3.72       2.31       0.17       6.20       6.43
Wang            raw         76        510         14         37          0        459        496         76
Wang            sys         76        510       2.75       7.25       0.00      90.00      97.25     100.00
SUM             raw       2500       7529       6340        625        249        564       1438        520
SUM             sys       2500       7529      84.21       8.30       3.31       7.49      19.10      20.80
