SPEAKER         id       #SENT      #WORD       Corr        Sub        Ins        Del        Err      S.Err
CVA_V1_01       raw         73        728        706         17          0          5         22         10
CVA_V1_01       sys         73        728      96.98       2.34       0.00       0.69       3.02      13.70
CVA_V1_02       raw         28        277        178         40          0         59         99         21
CVA_V1_02       sys         28        277      64.26      14.44       0.00      21.30      35.74      75.00
CVA_V1_05       raw         74        740        729         10         11          1         22         12
CVA_V1_05       sys         74        740      98.51       1.35       1.49       0.14       2.97      16.22
CVA_V1_06       raw         74        755        740         12          5          3         20         13
CVA_V1_06       sys         74        755      98.01       1.59       0.66       0.40       2.65      17.57
CVA_V2_07       raw         54        536        523         13          3          0         16          8
CVA_V2_07       sys         54        536      97.57       2.43       0.56       0.00       2.99      14.81
ChangM          raw         73        736        711         20         10          5         35         21
ChangM          sys         73        736      96.60       2.72       1.36       0.68       4.76      28.77
ChouCJ          raw        500       1666       1541        122         32          3        157         77
ChouCJ          sys        500       1666      92.50       7.32       1.92       0.18       9.42      15.40
FangBZ          raw        793       2661       2606         44          0         11         55         42
FangBZ          sys        793       2661      97.93       1.65       0.00       0.41       2.07       5.30
Ho              raw        148       1479       1423         52          7          4         63         32
Ho              sys        148       1479      96.21       3.52       0.47       0.27       4.26      21.62
HsuSZ           raw        607       2006       1964         40         16          2         58         28
HsuSZ           sys        607       2006      97.91       1.99       0.80       0.10       2.89       4.61
Wang            raw         76        759        472         36          1        251        288         49
Wang            sys         76        759      62.19       4.74       0.13      33.07      37.94      64.47
SUM             raw       2500      12343      11593        406         85        344        835        313
SUM             sys       2500      12343      93.92       3.29       0.69       2.79       6.76      12.52
