SPEAKER         id       #SENT      #WORD       Corr        Sub        Ins        Del        Err      S.Err
CVA_V1_01       raw         73        728        698         21          0          9         30         12
CVA_V1_01       sys         73        728      95.88       2.88       0.00       1.24       4.12      16.44
CVA_V1_02       raw         28        277        124         74          3         79        156         24
CVA_V1_02       sys         28        277      44.77      26.71       1.08      28.52      56.32      85.71
CVA_V1_05       raw         74        740        713         26         16          1         43         21
CVA_V1_05       sys         74        740      96.35       3.51       2.16       0.14       5.81      28.38
CVA_V1_06       raw         74        755        744          9          5          2         16         11
CVA_V1_06       sys         74        755      98.54       1.19       0.66       0.26       2.12      14.86
CVA_V2_07       raw         54        536        492         42          9          2         53         21
CVA_V2_07       sys         54        536      91.79       7.84       1.68       0.37       9.89      38.89
ChangM          raw         73        736        706         27          7          3         37         20
ChangM          sys         73        736      95.92       3.67       0.95       0.41       5.03      27.40
ChouCJ          raw        500       1666       1327        328         82         11        421        173
ChouCJ          sys        500       1666      79.65      19.69       4.92       0.66      25.27      34.60
FangBZ          raw        793       2661       2584         66          3         11         80         52
FangBZ          sys        793       2661      97.11       2.48       0.11       0.41       3.01       6.56
Ho              raw        148       1479       1377         91         17         11        119         50
Ho              sys        148       1479      93.10       6.15       1.15       0.74       8.05      33.78
HsuSZ           raw        607       2006       1946         58         17          2         77         34
HsuSZ           sys        607       2006      97.01       2.89       0.85       0.10       3.84       5.60
Wang            raw         76        759         46         29          0        684        713         76
Wang            sys         76        759       6.06       3.82       0.00      90.12      93.94     100.00
SUM             raw       2500      12343      10757        771        159        815       1745        494
SUM             sys       2500      12343      87.15       6.25       1.29       6.60      14.14      19.76
