SPEAKER         id       #SENT      #WORD       Corr        Sub        Ins        Del        Err      S.Err
CVA_V1_01       raw         73        441        429         10          0          2         12          6
CVA_V1_01       sys         73        441      97.28       2.27       0.00       0.45       2.72       8.22
CVA_V1_02       raw         28        164        145         11          2          8         21         10
CVA_V1_02       sys         28        164      88.41       6.71       1.22       4.88      12.80      35.71
CVA_V1_05       raw         74        441        435          6          0          0          6          4
CVA_V1_05       sys         74        441      98.64       1.36       0.00       0.00       1.36       5.41
CVA_V1_06       raw         74        463        457          5          3          1          9          8
CVA_V1_06       sys         74        463      98.70       1.08       0.65       0.22       1.94      10.81
CVA_V2_07       raw         54        315        310          5          1          0          6          5
CVA_V2_07       sys         54        315      98.41       1.59       0.32       0.00       1.90       9.26
ChangM          raw         73        444        427         15          2          2         19         12
ChangM          sys         73        444      96.17       3.38       0.45       0.45       4.28      16.44
ChouCJ          raw        500       1024       1015          7          4          2         13          9
ChouCJ          sys        500       1024      99.12       0.68       0.39       0.20       1.27       1.80
FangBZ          raw        793       1618       1589         26          0          3         29         27
FangBZ          sys        793       1618      98.21       1.61       0.00       0.19       1.79       3.40
Ho              raw        148        899        874         21          3          4         28         20
Ho              sys        148        899      97.22       2.34       0.33       0.44       3.11      13.51
HsuSZ           raw        607       1210       1201          7          1          2         10          6
HsuSZ           sys        607       1210      99.26       0.58       0.08       0.17       0.83       0.99
Wang            raw         76        510        404         72          9         34        115         41
Wang            sys         76        510      79.22      14.12       1.76       6.67      22.55      53.95
SUM             raw       2500       7529       7286        185         25         58        268        148
SUM             sys       2500       7529      96.77       2.46       0.33       0.77       3.56       5.92
