SPEAKER         id       #SENT      #WORD       Corr        Sub        Ins        Del        Err      S.Err
CVA_V1_01       raw         73        441        398         30          2         13         45         17
CVA_V1_01       sys         73        441      90.25       6.80       0.45       2.95      10.20      23.29
CVA_V1_02       raw         28        164         72         55          8         37        100         25
CVA_V1_02       sys         28        164      43.90      33.54       4.88      22.56      60.98      89.29
CVA_V1_05       raw         74        441        413         28         17          0         45         22
CVA_V1_05       sys         74        441      93.65       6.35       3.85       0.00      10.20      29.73
CVA_V1_06       raw         74        463        436         19          6          8         33         18
CVA_V1_06       sys         74        463      94.17       4.10       1.30       1.73       7.13      24.32
CVA_V2_07       raw         54        315        277         35         13          3         51         23
CVA_V2_07       sys         54        315      87.94      11.11       4.13       0.95      16.19      42.59
ChangM          raw         73        444        408         34         22          2         58         28
ChangM          sys         73        444      91.89       7.66       4.95       0.45      13.06      38.36
ChouCJ          raw        500       1024        795        216        114         13        343        173
ChouCJ          sys        500       1024      77.64      21.09      11.13       1.27      33.50      34.60
FangBZ          raw        793       1618       1553         57          6          8         71         53
FangBZ          sys        793       1618      95.98       3.52       0.37       0.49       4.39       6.68
Ho              raw        148        899        802         87         38         10        135         61
Ho              sys        148        899      89.21       9.68       4.23       1.11      15.02      41.22
HsuSZ           raw        607       1210       1163         45         24          2         71         35
HsuSZ           sys        607       1210      96.12       3.72       1.98       0.17       5.87       5.77
Wang            raw         76        510         32         28          0        450        478         76
Wang            sys         76        510       6.27       5.49       0.00      88.24      93.73     100.00
SUM             raw       2500       7529       6349        634        250        546       1430        531
SUM             sys       2500       7529      84.33       8.42       3.32       7.25      18.99      21.24
