SPEAKER         id       #SENT      #WORD       Corr        Sub        Ins        Del        Err      S.Err
CVA_V1_01       raw         73        441        403         26          0         12         38         16
CVA_V1_01       sys         73        441      91.38       5.90       0.00       2.72       8.62      21.92
CVA_V1_02       raw         28        164        102         30          4         32         66         21
CVA_V1_02       sys         28        164      62.20      18.29       2.44      19.51      40.24      75.00
CVA_V1_05       raw         74        441        423         18         14          0         32         17
CVA_V1_05       sys         74        441      95.92       4.08       3.17       0.00       7.26      22.97
CVA_V1_06       raw         74        463        427         28          8          8         44         18
CVA_V1_06       sys         74        463      92.22       6.05       1.73       1.73       9.50      24.32
CVA_V2_07       raw         54        315        296         16          4          3         23         12
CVA_V2_07       sys         54        315      93.97       5.08       1.27       0.95       7.30      22.22
ChangM          raw         73        444        406         35         21          3         59         30
ChangM          sys         73        444      91.44       7.88       4.73       0.68      13.29      41.10
ChouCJ          raw        500       1024        935         79         35         10        124         70
ChouCJ          sys        500       1024      91.31       7.71       3.42       0.98      12.11      14.00
FangBZ          raw        793       1618       1568         40          2         10         52         42
FangBZ          sys        793       1618      96.91       2.47       0.12       0.62       3.21       5.30
Ho              raw        148        899        815         72         21         12        105         49
Ho              sys        148        899      90.66       8.01       2.34       1.33      11.68      33.11
HsuSZ           raw        607       1210       1174         30         15          6         51         29
HsuSZ           sys        607       1210      97.02       2.48       1.24       0.50       4.21       4.78
Wang            raw         76        510        239         74          4        197        275         64
Wang            sys         76        510      46.86      14.51       0.78      38.63      53.92      84.21
SUM             raw       2500       7529       6788        448        128        293        869        368
SUM             sys       2500       7529      90.16       5.95       1.70       3.89      11.54      14.72
