SPEAKER         id       #SENT      #WORD       Corr        Sub        Ins        Del        Err      S.Err
CVA_V1_01       raw         73        441        418         16          0          7         23          8
CVA_V1_01       sys         73        441      94.78       3.63       0.00       1.59       5.22      10.96
CVA_V1_02       raw         28        164        159          3          8          2         13          8
CVA_V1_02       sys         28        164      96.95       1.83       4.88       1.22       7.93      28.57
CVA_V1_05       raw         74        441        437          4          4          0          8          4
CVA_V1_05       sys         74        441      99.09       0.91       0.91       0.00       1.81       5.41
CVA_V1_06       raw         74        463        452          8          4          3         15         10
CVA_V1_06       sys         74        463      97.62       1.73       0.86       0.65       3.24      13.51
CVA_V2_07       raw         54        315        308          6          1          1          8          6
CVA_V2_07       sys         54        315      97.78       1.90       0.32       0.32       2.54      11.11
ChangM          raw         73        444        431         11         10          2         23         16
ChangM          sys         73        444      97.07       2.48       2.25       0.45       5.18      21.92
ChouCJ          raw        500       1024       1017          6          9          1         16         11
ChouCJ          sys        500       1024      99.32       0.59       0.88       0.10       1.56       2.20
FangBZ          raw        793       1618       1591         25          0          2         27         26
FangBZ          sys        793       1618      98.33       1.55       0.00       0.12       1.67       3.28
Ho              raw        148        899        877         20          6          2         28         20
Ho              sys        148        899      97.55       2.22       0.67       0.22       3.11      13.51
HsuSZ           raw        607       1210       1200         10          3          0         13          7
HsuSZ           sys        607       1210      99.17       0.83       0.25       0.00       1.07       1.15
Wang            raw         76        510        440         48          4         22         74         30
Wang            sys         76        510      86.27       9.41       0.78       4.31      14.51      39.47
SUM             raw       2500       7529       7330        157         49         42        248        146
SUM             sys       2500       7529      97.36       2.09       0.65       0.56       3.29       5.84
